Parsing=0.000419
Instantiation=0.0632
Fluent_Copying=0.000217
Init_And_Goal_Copying=6.01e-06
Operators_Copying=0.0425
